Id	Population	RawCoord1	RawCoord2	RawCoord3	RawCoord4	RawCoord5	RawCoord6	RawCoord7	RawCoord8	RawCoord9	RawCoord10	RawCoord11	RawCoord12	RawCoord13	RawCoord14	RawCoord15	RawCoord16	RawCoord17	RawCoord18	RawCoord19	RawCoord20	RawCoord21	RawCoord22	RawCoord23	RawCoord24
dp_31	dp	6.075	14.251	5.24	17.778	6.017	19.563	7.212	21.492	9.069	23.694	11.459	26.098	16.396	27.351	13.33	15.345	18.195	15.288	16.698	18.152	19.16	18.699	23.435	18.786
dp_32	dp	3.271	14.1	3.357	18.343	4.8	20.3	6.5	21.914	8.971	23.471	12.714	24.785	17.357	25.028	11.2	13.728	15.6	12.614	14.485	16.128	17.343	16.214	21.4	15.3
dp_34	dp	4.884	2.33	3.623	5.797	4.377	7.783	5.478	9.507	6.681	11.609	9.0	13.841	13.493	15.333	12.551	3.855	15.913	4.058	14.783	6.522	16.783	7.087	20.101	7.275
dp_35	dp	2.911	19.214	3.028	22.911	4.192	24.556	5.706	26.099	7.627	27.918	10.932	29.505	15.56	29.738	10.83	18.967	14.702	18.137	13.712	21.121	16.099	21.281	19.854	20.626
dp_127	dp	5.044	15.66	4.575	19.516	5.117	21.525	6.173	23.666	7.801	25.821	10.528	28.416	15.352	30.205	13.226	17.449	17.39	17.61	15.528	20.674	18.006	21.584	22.023	21.848
dp_128	dp	3.818	15.507	2.129	18.238	1.997	20.162	1.968	22.438	2.394	25.198	3.642	27.959	6.725	31.292	10.264	20.088	14.332	22.247	10.808	23.73	12.364	25.242	15.653	27.254
dp_402	dp	4.112	14.662	4.321	18.312	5.452	20.263	6.988	22.097	8.791	23.87	12.367	25.568	17.492	26.045	11.95	14.557	16.435	13.619	14.885	17.254	17.507	17.314	21.143	16.747
dp_403	dp	3.092	12.278	2.544	15.888	3.476	17.825	5.207	19.601	7.337	21.657	10.192	23.743	15.148	24.334	10.947	12.574	15.148	11.893	13.609	15.207	16.228	15.429	19.941	15.089
dp_408	dp	5.168	9.804	2.599	13.229	2.628	15.207	2.894	17.717	3.573	20.434	5.611	23.269	9.597	26.384	11.93	14.277	15.119	15.621	12.314	17.703	14.528	19.194	18.234	20.818
dp_413	dp	2.895	17.339	3.015	21.198	4.041	23.279	5.579	24.938	7.569	26.777	11.368	28.918	16.344	29.31	11.82	17.52	15.831	16.615	14.655	19.992	17.459	20.173	20.806	19.706
dp_414	dp	3.372	19.018	4.001	23.289	5.74	25.013	7.134	27.141	9.951	28.505	13.503	29.749	19.318	28.999	11.839	17.624	15.556	16.066	14.867	20.097	17.819	19.588	21.251	18.314
dp_415	dp	4.065	10.657	2.78	13.99	3.184	16.067	4.14	18.324	5.216	20.581	7.503	23.227	11.419	25.528	12.077	13.467	15.2	14.064	13.063	16.546	15.365	17.801	19.027	18.788
dp_417	dp	4.096	15.63	3.508	19.184	4.156	21.066	5.662	22.918	7.318	25.162	10.465	27.285	15.389	28.083	11.926	16.368	15.75	15.862	14.38	19.244	16.759	19.65	20.494	19.364
dp_418	dp	6.201	13.124	4.375	17.057	4.846	19.193	5.892	21.24	7.571	23.803	10.856	26.469	16.055	28.001	13.964	15.643	18.353	15.982	16.158	18.913	18.808	19.664	22.036	20.003
dp_419	dp	4.798	10.833	3.515	14.439	4.043	16.702	4.617	18.784	5.854	21.469	7.861	24.065	12.281	26.328	12.447	13.971	16.747	14.74	14.695	17.441	16.732	18.527	20.489	19.448
dp_420	dp	3.669	13.048	3.272	17.128	4.212	18.86	5.651	20.519	8.073	22.853	10.48	24.452	15.367	24.981	11.522	13.503	15.984	12.945	14.12	16.101	16.615	16.292	20.754	15.925
dp_421	dp	3.556	14.181	2.973	17.824	3.862	19.69	5.188	21.482	6.996	23.523	9.736	25.592	14.064	26.248	11.237	15.172	15.041	14.793	13.292	17.999	15.507	18.407	19.457	18.291
dp_423	dp	4.697	12.662	4.099	16.28	4.945	18.25	6.492	20.205	8.257	22.422	11.291	24.668	16.149	25.704	12.473	13.625	16.966	13.275	15.42	16.412	17.783	16.951	21.78	16.791
dp_424	dp	3.486	17.221	3.888	21.154	5.199	22.525	7.21	24.089	9.117	25.504	12.931	26.442	17.728	25.861	10.89	15.761	14.614	14.212	14.271	17.504	16.551	17.221	20.037	15.791
dp_425	dp	5.326	10.99	3.282	14.331	3.52	16.648	4.233	19.039	5.242	21.341	7.916	24.519	12.401	26.613	12.995	14.584	16.262	15.311	13.886	17.91	15.905	18.994	19.41	19.974
dp_427	dp	5.49	9.521	3.303	12.408	3.273	14.595	3.675	16.767	4.597	19.564	6.129	22.301	9.78	24.964	12.437	13.523	15.934	14.699	13.181	16.915	14.907	18.076	19.043	19.623
dp_33	dp	4.728	14.781	3.4	18.531	4.144	20.807	5.195	22.588	6.829	24.659	9.776	26.936	14.431	28.103	11.586	16.59	15.481	16.474	13.672	19.377	15.832	19.917	19.698	19.976
dp_401	dp	8.921	9.956	5.423	12.041	4.665	13.804	4.096	15.758	3.848	18.644	4.227	22.361	7.42	26.632	13.702	16.283	16.122	18.44	12.959	19.431	14.417	21.749	17.041	24.373
gl_16	gl	4.626	11.277	2.365	15.283	2.734	17.352	3.385	19.805	4.227	22.466	6.267	25.865	10.376	29.102	12.149	15.534	16.273	16.805	13.258	19.288	15.564	20.692	19.643	22.156
gl_17	gl	5.161	11.448	2.106	14.192	1.794	16.327	1.869	18.878	2.284	21.577	3.47	25.284	6.792	28.992	11.819	16.861	15.645	18.878	12.294	20.702	14.489	22.615	17.707	24.602
gl_18	gl	6.169	9.099	3.754	12.279	3.46	14.517	3.754	16.902	4.343	19.699	5.698	22.982	9.467	26.28	12.794	13.795	16.711	15.65	13.413	17.623	15.415	19.272	19.184	21.363
gl_19	gl	5.096	11.654	3.028	15.79	3.368	18.346	4.343	20.694	5.672	23.486	8.242	26.558	13.013	29.365	13.471	15.096	17.637	15.79	14.446	18.759	17.4	20.059	21.3	20.827
gl_20	gl	4.865	11.465	2.818	14.802	2.818	17.012	3.619	20.038	4.761	22.989	7.03	26.401	11.895	29.204	12.785	15.395	16.76	16.671	14.135	19.178	16.79	20.676	20.883	22.174
gl_53	gl	2.629	18.653	2.26	22.508	2.969	24.605	4.386	26.466	6.277	28.651	9.127	31.221	14.281	32.993	10.855	19.687	15.995	19.569	13.676	22.833	16.127	23.468	20.898	23.541
gl_55	gl	2.113	14.324	1.693	18.399	2.712	20.422	4.465	22.145	6.443	23.898	9.364	26.28	15.897	26.999	10.503	14.533	15.327	13.589	13.559	17.365	16.586	17.71	20.931	17.23
gl_82	gl	4.116	15.997	2.669	19.661	2.925	22.149	4.056	24.621	5.729	27.471	8.232	30.818	13.725	33.11	12.605	19.103	17.324	19.766	14.535	22.782	17.203	23.958	21.666	24.802
gl_83	gl	2.25	19.797	2.97	23.846	4.409	25.676	6.509	27.206	9.358	28.735	12.988	29.935	18.357	29.545	10.858	18.192	15.043	16.587	14.128	20.217	17.457	19.767	21.611	18.567
gl_107	gl	4.206	12.259	1.916	16.091	1.901	18.246	2.515	20.821	3.413	23.709	4.954	27.257	9.535	30.909	11.93	16.869	16.285	18.515	12.648	21.045	15.387	22.916	19.219	24.667
gl_108	gl	4.916	10.807	2.968	14.439	3.145	16.802	4.045	19.164	5.492	22.117	7.618	25.084	12.018	27.963	13.657	15.074	17.584	16.3	14.292	18.44	17.097	20.02	21.201	21.408
gl_109	gl	4.755	24.66	5.13	28.89	6.63	30.735	8.535	32.31	10.65	33.72	14.25	35.325	20.55	35.1	13.77	23.73	17.925	22.47	16.95	25.935	20.13	25.725	23.52	24.93
gl_129	gl	2.94	21.954	3.492	25.506	4.716	27.178	6.358	28.775	8.731	30.491	12.149	31.939	17.641	31.491	11.208	20.536	15.014	19.193	14.014	22.864	16.835	22.596	20.626	21.536
gl_130	gl	6.686	9.566	4.164	12.387	3.447	14.446	3.313	16.864	3.537	19.938	4.208	23.356	7.611	27.609	13.342	15.61	17.073	18.252	13.416	19.64	15.342	21.923	18.341	24.42
gl_131	gl	3.696	11.937	1.788	15.231	1.923	17.481	2.534	19.732	3.517	22.161	5.231	25.41	10.119	28.793	10.805	16.006	15.112	17.437	12.34	19.702	14.784	21.219	19.061	22.832
gl_132	gl	5.189	11.066	3.888	15.119	4.202	17.362	5.01	19.904	6.61	22.955	9.032	26.125	14.64	28.802	14.446	14.655	18.902	15.597	15.568	18.484	18.499	19.725	22.85	20.682
gl_135	gl	3.598	8.335	2.354	12.022	2.638	14.451	3.808	16.894	5.247	19.398	7.915	22.606	12.832	25.049	11.558	11.003	16.46	11.783	13.416	14.826	16.28	15.695	20.567	16.924
gl_146	gl	1.787	16.523	2.446	19.614	2.915	21.225	4.717	23.202	7.119	25.282	10.634	27.26	15.615	27.494	10.078	15.278	14.091	14.34	12.378	18.237	15.6	18.164	19.599	17.182
gl_147	gl	6.006	12.965	4.411	16.765	4.381	19.135	5.272	21.773	6.155	24.619	7.66	28.196	12.056	31.921	14.754	18.017	18.822	19.612	15.26	21.907	17.779	23.606	21.922	25.394
gl_148	gl	5.115	7.358	3.006	11.291	3.141	13.385	4.083	15.837	5.414	18.709	7.657	21.879	12.099	24.631	13.086	11.351	16.765	12.263	14.088	14.985	16.376	16.152	20.359	17.348
gl_149	gl	2.246	7.688	1.327	11.698	1.914	14.29	3.392	16.748	5.125	19.491	7.447	22.355	12.934	24.707	11.23	10.266	16.114	10.808	13.16	14.125	16.446	15.089	21.179	16.039
gl_150	gl	3.58	18.321	2.945	22.052	3.987	24.408	5.588	26.266	7.582	28.396	10.694	30.48	16.433	31.129	11.615	18.502	15.965	17.808	14.137	21.448	17.083	21.614	21.448	21.221
gl_304	gl	1.581	20.663	2.545	24.367	3.795	26.13	5.452	27.485	7.846	29.292	11.099	30.994	17.289	31.054	10.587	18.795	15.346	17.184	13.991	21.16	16.777	20.889	21.099	19.639
gl_406	gl	2.964	15.483	3.19	19.2	4.499	21.156	6.019	22.901	8.366	25.038	11.225	26.964	16.266	27.957	11.722	15.528	16.747	14.52	15.032	18.177	17.996	18.237	22.224	17.695
gl_407	gl	3.948	19.876	3.649	23.824	4.861	25.529	6.446	26.86	9.228	28.595	11.74	30.36	17.094	30.659	12.009	19.173	16.287	17.827	15.03	21.416	17.752	21.476	21.461	20.729
gl_428	gl	1.487	20.093	1.337	23.847	2.283	25.769	3.874	27.691	6.247	29.674	9.521	31.791	15.242	32.647	9.941	20.123	15.137	19.087	13.245	22.856	15.993	22.946	20.288	22.345
gl_430	gl	4.461	13.579	2.554	17.38	2.448	19.978	3.019	22.367	4.146	25.702	6.234	29.412	10.38	32.777	13.94	19.182	17.665	20.594	13.669	22.817	17.064	24.72	21.015	26.377
gl_432	gl	1.842	17.061	1.117	20.533	1.978	22.496	3.216	24.142	5.36	26.331	8.108	28.415	12.879	29.29	9.3	17.921	14.071	17.514	11.731	20.775	14.947	21.137	18.752	21.032
gl_439	gl	2.383	16.257	1.93	20.223	2.805	22.274	4.087	24.4	5.836	26.692	8.656	29.347	12.803	30.855	11.19	17.493	16.076	17.418	13.346	20.766	16.438	21.279	21.158	21.414
gl_440	gl	2.95	9.948	2.559	14.087	3.537	16.089	5.238	18.03	7.631	20.183	10.791	22.561	16.45	23.102	11.875	10.475	16.796	9.798	14.674	13.259	17.88	13.56	21.883	13.169
gl_441	gl	2.229	17.741	2.244	21.069	3.268	23.433	4.653	25.21	6.672	27.605	9.473	29.969	14.488	31.46	12.289	17.469	16.686	16.972	14.533	20.828	17.861	21.054	21.912	20.858
gl_443	gl	3.136	16.311	2.487	19.688	3.422	22.341	4.372	23.833	6.015	25.974	8.623	28.627	13.115	30.12	12.075	17.351	16.115	17.306	13.794	20.442	16.703	21.06	20.683	21.406
gl_487	gl	2.713	18.586	2.953	22.513	4.497	24.237	6.085	25.586	8.124	27.114	11.361	28.928	16.158	29.602	11.631	17.836	15.603	16.937	14.434	20.295	17.177	20.399	20.474	19.845
gl_488	gl	2.757	10.355	1.633	14.446	2.083	16.679	2.922	18.642	3.806	21.205	5.934	24.352	10.04	26.944	11.179	13.607	15.78	14.626	12.603	17.279	15.001	18.597	18.927	19.946
gl_505	gl	3.159	15.141	1.252	18.345	1.52	20.625	2.071	22.786	3.144	25.797	4.635	28.583	9.15	31.4	10.611	18.867	14.381	19.999	11.997	22.458	14.351	23.74	17.704	24.947
gl_506	gl	3.644	6.777	2.153	9.984	2.214	12.273	3.665	14.351	3.539	17.182	5.06	20.194	9.472	23.613	11.972	10.617	15.511	11.701	12.785	14.381	15.044	15.556	19.035	17.228
gl_507	gl	3.179	13.56	1.183	16.281	0.68	18.322	0.946	20.836	1.464	23.778	2.898	27.253	6.551	30.625	9.375	18.07	13.708	20.274	10.011	21.96	12.052	23.557	15.926	25.73
gl_508	gl	2.735	9.146	1.315	12.374	1.494	14.616	2.301	17.007	3.527	19.667	5.395	22.671	10.252	25.63	10.939	12.494	14.87	13.375	12.254	16.08	14.959	17.336	18.292	18.352
gl_509	gl	1.138	16.902	2.024	20.064	3.162	21.882	5.053	23.595	7.062	25.221	9.914	27.053	16.178	27.585	10.992	15.1	14.878	14.021	13.3561	17.922	16.71	17.671	20.64	16.932
gl_516	gl	5.032	6.575	2.636	9.915	2.187	12.132	2.307	14.573	2.786	17.583	4.074	21.163	7.848	24.728	12.476	12.311	16.25	14.169	12.701	16.131	14.828	18.153	18.572	20.339
gl_517	gl	2.448	15.748	2.478	19.883	3.956	22.152	5.687	23.719	7.732	25.705	11.539	28.093	16.972	28.616	11.524	15.689	16.48	14.748	14.39	18.644	18.301	18.644	22.331	18.062
gl_85	gl	2.786	13.873	1.224	17.234	1.474	19.446	2.403	21.377	4.04	24.06	6.28	26.817	10.954	28.896	10.305	16.188	14.772	16.733	12.281	19.608	15.023	20.625	19.004	21.274
wo_6	wo	6.278	22.88	7.0	26.75	7.888	28.715	9.837	30.31	13.249	32.865	15.273	33.678	20.561	33.559	14.978	22.422	19.232	21.359	17.71	25.051	20.192	25.155	24.017	24.402
wo_8	wo	4.845	14.195	4.756	18.316	6.041	20.192	7.858	21.684	9.704	23.53	12.659	25.45	17.385	26.262	13.249	14.682	17.577	13.944	15.952	17.164	18.316	17.577	22.407	17.105
wo_9	wo	4.456	12.456	2.296	16.485	3.632	18.721	4.971	20.794	6.676	23.088	9.5	25.235	14.074	27.029	12.824	14.676	16.735	14.838	14.824	17.779	16.735	18.85	20.838	19.015
wo_10	wo	4.63	13.817	4.364	17.308	5.828	19.527	7.396	21.124	9.186	23.254	11.879	25.355	16.716	25.947	13.417	14.601	17.87	14.112	15.769	17.352	19.112	17.648	22.426	17.441
wo_11	wo	4.619	18.402	4.12	22.097	4.927	23.856	6.246	25.09	8.314	28.094	11.217	29.985	16.056	30.777	12.434	19.355	17.053	18.842	15.323	22.067	17.595	22.463	21.408	22.287
wo_43	wo	2.856	14.087	3.209	18.601	4.475	19.842	6.462	21.549	8.464	21.139	11.466	24.935	16.574	25.111	11.923	13.645	15.676	12.438	14.602	16.029	17.133	16.029	20.843	15.102
wo_44	wo	5.407	14.462	4.543	17.918	5.243	20.092	6.315	22.207	7.73	24.784	10.203	27.733	15.594	29.431	13.807	16.711	18.469	17.158	16.205	19.929	18.618	20.822	22.729	21.403
wo_72	wo	5.065	14.225	3.285	17.597	3.705	19.695	4.341	21.881	5.745	24.312	7.858	26.699	12.778	28.812	12.243	17.206	16.41	17.973	14.384	20.375	16.497	21.634	20.231	22.72
wo_73	wo	4.257	11.467	3.909	14.985	4.836	16.65	6.095	18.141	7.992	19.879	10.859	21.848	15.0	22.688	12.118	12.292	15.637	11.829	14.088	14.565	16.679	15.043	19.778	14.884
wo_74	wo	3.434	18.398	2.381	21.789	3.29	24.228	4.517	25.859	6.003	28.081	8.456	30.404	12.54	31.804	11.183	20.115	15.397	20.231	13.723	22.973	16.234	23.723	19.625	24.113
wo_75	wo	4.356	12.546	3.169	16.134	3.748	18.334	4.761	20.62	5.976	23.022	7.93	25.482	12.329	27.928	12.444	15.7	16.887	16.742	14.253	19.115	16.771	20.331	20.36	21.459
wo_96	wo	4.716	15.397	3.176	19.22	4.191	21.117	5.588	23.191	7.191	25.279	9.588	27.397	14.588	28.5	12.368	17.015	16.059	16.985	14.838	19.985	16.647	20.603	20.882	20.779
wo_97	wo	3.671	9.178	2.825	12.706	3.485	14.714	4.489	16.55	5.88	18.644	7.945	21.225	12.362	23.376	11.631	11.545	15.919	12.19	13.438	14.815	15.818	15.933	18.959	16.593
wo_98	wo	3.815	14.474	2.97	18.259	3.451	20.225	4.791	22.293	6.29	24.55	8.707	26.501	13.745	27.695	11.328	16.454	15.828	16.701	13.469	19.206	15.784	20.036	19.06	20.283
wo_100	wo	5.455	14.811	4.845	18.888	5.629	20.774	6.862	22.587	8.588	24.647	11.301	26.983	16.813	28.317	13.868	15.812	18.598	15.551	16.523	18.786	18.627	19.381	22.543	19.41
wo_121	wo	4.154	22.619	5.706	25.768	7.88	26.655	9.92	27.217	12.551	27.897	15.774	28.133	20.224	26.448	11.236	18.479	14.547	15.552	14.577	19.352	16.839	18.45	20.106	15.878
wo_122	wo	3.976	13.245	2.441	16.725	2.807	18.786	3.786	20.935	5.292	23.23	7.295	25.847	11.184	27.938	11.184	16.666	15.043	17.499	12.543	19.648	14.678	20.745	17.762	21.563
wo_123	wo	3.314	21.932	3.486	25.389	4.576	27.254	5.91	29.09	7.631	30.812	10.156	32.633	15.148	33.666	11.361	22.65	15.391	22.248	14.158	25.16	16.482	25.676	19.867	25.633
wo_124	wo	2.268	16.708	2.498	20.526	3.167	22.363	4.765	23.655	6.775	25.607	9.359	27.502	14.153	28.062	10.392	17.182	14.497	16.45	12.703	19.694	15.072	19.851	18.689	19.593
wo_125	wo	3.424	19.868	4.402	23.435	6.114	24.946	7.97	26.241	10.358	27.406	13.868	28.571	18.817	27.751	11.941	17.954	15.854	16.386	15.293	19.824	17.264	19.594	21.004	18.199
wo_141	wo	3.999	23.057	5.01	26.645	6.46	28.11	8.203	29.311	10.767	30.571	14.355	31.948	19.57	31.392	12.524	21.02	16.978	19.131	16.45	22.646	19.585	22.192	22.617	21.094
wo_142	wo	3.492	11.815	1.835	15.381	2.201	17.421	2.965	19.329	4.139	21.986	6.15	24.906	11.007	27.46	11.316	14.911	14.765	15.733	12.402	18.346	14.633	19.637	18.214	20.679
wo_144	wo	3.763	23.022	5.659	26.607	7.244	27.659	9.111	28.548	12.015	29.585	15.763	30.0	20.711	28.474	11.422	19.57	15.185	16.889	15.141	20.815	17.526	20.0	21.2	17.822
wo_306	wo	4.148	15.156	4.059	18.578	5.185	20.222	6.637	21.822	8.622	23.807	11.141	25.289	15.807	25.644	11.378	15.511	15.793	14.904	14.163	17.985	16.533	18.37	19.63	18.133
wo_307	wo	4.033	14.073	3.974	18.018	5.137	19.519	6.492	20.844	8.229	22.522	10.967	24.259	15.427	24.848	11.835	14.205	15.707	13.543	14.352	16.56	16.56	16.914	20.182	16.531
wo_535	wo	1.86	11.537	1.395	15.663	2.499	17.494	3.807	19.557	5.521	21.737	8.544	24.032	13.832	25.471	11.217	12.597	14.966	12.51	13.048	15.562	16.07	16.433	19.441	16.637
wo_536	wo	4.356	20.521	5.383	23.415	6.802	24.805	8.741	25.818	11.433	26.816	15.08	27.728	20.159	26.107	11.606	17.453	15.63	15.022	15.282	18.553	17.771	17.945	21.679	15.658
wo_537	wo	2.948	15.632	2.978	19.31	4.379	21.529	6.13	23.339	8.29	25.441	11.793	27.484	17.136	28.156	12.611	15.749	16.581	15.107	15.442	18.259	17.603	18.814	21.544	18.464
wo_538	wo	2.751	18.87	2.636	22.337	3.41	24.085	4.585	25.861	5.96	27.982	8.281	30.16	12.895	31.822	11.204	20.173	15.531	20.202	13.597	22.781	15.99	23.598	19.371	23.985
me_151	me	3.108	21.024	3.767	24.7	5.038	26.338	6.875	27.854	9.509	29.37	13.016	30.518	17.349	30.258	11.485	20.014	14.762	18.819	14.027	22.219	16.431	22.142	20.06	21.254
me_152	me	5.136	17.116	4.633	20.192	5.761	22.969	7.24	24.753	9.221	27.191	11.767	29.295	16.827	30.377	13.779	18.138	18.275	17.726	15.989	21.034	18.595	21.674	22.451	21.613
me_153	me	3.781	19.044	4.47	22.917	5.741	24.249	7.67	25.474	10.18	26.943	13.166	28.183	18.018	28.122	12.048	18.11	15.615	16.886	15.003	20.009	17.636	20.085	21.08	19.427
me_154	me	3.19	24.202	4.402	27.331	6.074	28.772	7.761	29.815	9.938	31.165	13.389	32.484	18.082	32.07	11.089	22.576	14.601	21.027	14.11	24.309	16.564	24.049	20.199	22.776
me_155	me	3.036	28.722	5.352	30.946	7.345	31.559	9.707	31.651	12.483	31.544	15.657	30.915	19.475	27.955	8.296	23.37	11.194	19.245	12.452	22.772	14.507	21.331	16.807	18.386
me_156	me	3.528	14.997	4.261	18.326	5.666	20.128	7.254	21.548	9.469	23.259	12.691	24.725	17.074	25.03	11.255	14.432	15.852	13.225	14.569	16.57	16.875	16.753	20.8	16.066
ml_26	ml	1.822	15.007	2.634	19.203	4.135	20.796	6.018	22.327	8.928	23.843	12.557	25.298	18.177	25.604	10.888	13.2	15.436	11.363	14.441	15.574	16.998	15.145	21.47	13.599
ml_27	ml	1.833	11.485	1.212	15.667	2.5	17.97	4.242	19.909	6.591	22.0	10.182	24.227	16.136	24.712	11.515	12.015	15.379	11.212	13.56	15.03	16.242	15.182	20.879	14.47
ml_28	ml	4.919	19.18	5.519	23.214	7.243	24.729	9.33	25.854	12.162	26.814	15.386	27.638	20.365	26.439	12.582	16.796	16.076	14.816	15.506	18.91	18.131	18.266	21.82	16.421
ml_29	ml	4.318	13.627	4.303	17.945	5.539	19.883	7.599	21.79	10.3	23.576	14.298	25.163	19.044	25.3	13.611	12.864	18.296	11.582	17.151	15.442	19.41	15.488	24.583	14.145
ml_30	ml	6.865	12.798	5.826	16.972	6.452	18.975	7.691	21.223	9.067	23.577	11.743	26.192	16.987	28.057	15.351	15.03	19.036	15.152	16.681	18.547	19.327	19.22	23.638	19.51
ml_56	ml	2.242	13.5	1.803	17.318	2.939	19.636	4.53	21.53	6.758	23.651	10.227	25.364	14.803	26.485	11.015	13.53	14.576	12.758	13.409	16.454	16.258	16.697	20.394	16.258
ml_58	ml	7.036	23.742	8.117	27.442	9.762	29.072	11.955	30.107	14.589	31.097	18.061	31.63	22.858	30.549	15.457	20.239	18.686	18.29	18.533	22.234	21.381	21.153	24.884	19.158
ml_59	ml	3.928	19.068	3.703	22.816	4.752	24.69	6.461	26.804	8.515	28.902	11.393	30.986	15.95	32.2	13.027	19.578	17.254	19.128	15.441	22.456	18.469	22.906	21.947	22.741
ml_60	ml	3.381	16.166	3.335	19.824	4.564	21.991	6.285	23.773	8.606	25.971	12.232	27.815	17.734	28.798	12.755	16.105	17.857	14.998	15.767	18.84	18.886	19.009	23.343	18.287
ml_87	ml	6.888	15.559	5.861	19.637	6.707	21.767	8.036	23.852	10.211	26.148	12.81	28.504	17.553	30.287	14.924	17.054	19.245	17.054	17.175	20.226	19.637	20.921	24.26	21.193
ml_88	ml	7.063	16.385	6.099	20.526	7.093	22.243	8.734	23.794	11.264	25.541	13.809	26.76	18.448	27.453	14.984	16.49	17.996	15.888	16.882	19.186	19.411	19.246	23.206	18.538
ml_89	ml	4.78	15.187	4.311	19.544	5.204	21.541	6.731	23.522	9.076	25.428	12.631	27.697	17.608	28.832	13.387	15.581	17.744	14.991	15.747	18.742	18.893	19.045	22.963	18.667
ml_90	ml	5.44	14.284	5.045	18.462	6.017	20.392	7.613	22.246	9.923	24.237	13.266	26.227	18.143	26.835	13.433	14.876	17.885	14.223	15.955	17.642	18.721	17.915	22.93	17.49
ml_111	ml	4.377	13.1	3.465	16.261	3.86	18.328	4.863	20.592	6.459	22.735	9.24	25.075	13.693	26.717	12.203	14.696	16.413	14.878	14.483	17.72	17.051	18.571	20.881	19.012
ml_112	ml	5.068	15.525	3.425	19.437	4.14	21.811	5.145	23.805	6.728	26.21	9.482	28.66	13.896	30.654	12.192	18.021	16.636	18.356	14.49	21.324	16.56	22.237	20.289	22.801
ml_113	ml	3.38	18.263	3.612	22.294	4.713	24.124	6.574	25.72	8.884	27.379	12.341	29.023	17.814	29.162	12.852	17.271	16.434	16.325	14.899	20.17	17.829	20.124	21.984	19.147
ml_114	ml	8.425	9.342	6.453	12.217	6.238	14.388	6.927	16.559	7.722	19.205	9.373	22.477	13.318	25.688	16.269	13.746	19.908	15.367	16.682	17.248	18.486	18.685	22.507	20.566
ml_115	ml	4.278	16.598	4.491	20.497	5.72	22.029	7.601	23.273	10.119	24.608	13.563	25.655	17.629	25.519	11.97	15.111	15.703	13.761	14.777	17.189	17.371	16.78	21.65	15.384
ml_404	ml	4.373	5.753	2.671	8.982	2.612	11.476	3.199	14.001	4.403	16.701	6.516	19.636	10.478	22.307	11.359	9.657	15.204	10.948	12.357	13.443	14.294	14.793	17.582	16.055
ml_405	ml	3.961	3.857	1.721	7.595	1.572	9.953	1.958	12.698	2.789	16.005	4.48	19.521	8.663	23.17	13.054	9.82	16.45	11.496	12.653	13.691	15.145	15.471	19.328	17.593
me_157	me	5.368	10.675	4.476	14.592	5.307	16.588	6.502	18.296	7.923	20.67	10.176	22.772	14.304	24.39	12.686	12.611	17.329	12.702	15.166	15.575	17.283	16.27	20.973	16.633
me_158	me	3.888	18.751	5.21	22.255	6.855	23.423	8.96	24.299	11.65	25.252	15.626	25.774	20.257	24.253	11.45	15.953	15.139	13.47	14.616	17.552	16.829	17.198	20.626	15.108
me_159	me	6.409	20.484	7.482	23.872	8.601	25.283	10.135	26.893	12.158	28.579	15.286	30.296	20.652	30.327	16.175	18.859	20.009	17.77	18.138	21.419	20.944	21.45	25.267	20.652
me_160	me	5.438	13.443	3.896	17.11	4.339	18.989	5.163	21.143	6.477	23.786	8.524	26.245	13.123	28.689	13.214	16.544	17.003	17.324	14.085	19.859	16.269	21.127	19.829	22.197
me_161	me	2.42	18.326	2.298	22.314	3.196	24.14	4.536	26.043	6.347	27.869	9.528	30.0	14.231	30.868	11.72	18.889	15.038	18.402	13.166	21.72	15.906	22.009	19.3	21.72
me_162	me	5.221	17.464	4.682	21.268	5.575	23.023	6.607	25.133	8.455	27.582	11.088	29.707	15.462	31.293	13.075	19.204	18.065	19.497	15.878	22.33	17.68	23.162	21.53	23.809
me_163	me	3.342	20.663	4.944	24.066	6.684	25.211	8.653	26.111	11.476	27.027	14.986	27.591	19.656	26.233	10.606	17.336	14.574	14.498	14.406	18.435	16.405	17.855	20.175	15.612
me_164	me	4.954	10.945	3.171	13.643	3.11	15.442	3.323	17.408	3.598	19.634	4.954	22.728	8.918	25.518	10.259	15.32	13.43	17.119	10.869	18.613	12.165	20.152	14.939	21.951
me_166	me	1.35	16.487	2.561	19.8	3.696	21.257	5.383	22.622	7.929	24.063	11.119	25.413	15.383	25.244	9.631	14.708	12.975	13.358	12.131	16.947	14.447	16.932	18.281	15.873
me_167	me	2.071	20.541	1.731	24.343	2.658	26.151	3.848	28.006	5.626	30.293	8.918	32.441	13.864	33.431	10.757	21.298	15.286	20.85	13.137	24.034	15.657	24.59	19.582	24.76
me_168	me	4.685	18.588	4.93	22.217	6.155	23.902	7.87	25.586	10.213	27.362	13.26	29.0	18.527	28.893	12.249	18.221	16.016	17.333	14.822	20.916	17.425	21.069	21.436	20.227
me_170	me	5.502	14.863	5.714	18.298	6.778	19.833	8.419	21.657	10.881	23.556	14.362	25.486	18.982	25.669	15.015	14.392	18.115	13.663	16.625	17.297	18.931	17.618	22.9	17.099
me_171	me	3.894	18.136	4.561	22.091	5.818	23.53	7.833	24.833	10.212	26.151	14.015	27.166	19.288	26.242	11.651	16.515	15.909	14.454	15.272	18.166	17.772	17.848	21.53	16.272
me_172	me	4.394	14.867	3.889	18.665	4.67	20.333	5.925	22.064	8.1	24.115	11.131	25.922	16.414	26.458	12.678	15.189	16.291	14.73	14.76	17.991	16.98	18.496	21.206	18.159
me_173	me	2.239	26.864	3.649	30.084	5.275	31.05	7.314	32.231	9.844	33.32	13.141	34.102	18.002	32.706	10.657	23.614	13.969	21.605	13.586	25.009	16.08	24.472	19.842	22.586
me_174	me	4.031	18.293	4.666	22.03	6.325	23.502	8.325	24.712	10.728	25.967	14.309	27.084	19.162	26.51	12.294	16.278	15.456	14.929	15.208	18.48	17.425	18.34	21.224	17.084
me_175	me	5.336	18.44	4.633	21.926	5.352	23.929	6.407	25.886	7.966	27.966	10.428	30.504	15.107	32.262	13.272	19.984	17.813	19.999	15.321	22.92	17.813	23.807	22.125	24.235
me_176	me	3.119	14.832	2.538	18.884	3.176	20.688	5.092	22.355	7.125	24.373	10.214	26.483	15.382	27.156	11.407	15.688	15.382	15.153	13.731	18.501	15.902	18.96	19.862	18.823
me_177	me	3.271	22.623	4.8	25.94	6.237	27.132	8.01	28.202	10.715	29.7	14.032	30.281	19.046	29.822	12.014	19.55	15.668	17.747	15.133	21.17	17.38	20.88	21.843	19.153
me_178	me	6.615	10.197	5.182	13.611	5.639	15.775	6.463	17.696	7.926	20.241	10.227	23.229	13.977	25.225	13.474	13.154	17.604	14.144	15.211	16.431	17.482	17.803	20.79	18.9
me_179	me	7.243	14.302	4.931	17.793	4.9	19.922	5.023	22.173	5.39	24.853	6.58	28.084	10.26	31.759	13.328	19.355	17.671	21.331	14.241	23.199	16.048	24.945	19.401	27.119
me_180	me	4.495	14.329	4.163	18.748	5.204	20.543	6.787	22.338	8.748	24.329	12.262	26.35	17.164	27.224	14.329	14.887	17.617	14.525	15.882	18.19	18.295	18.733	22.292	18.582
me_300	me	2.756	23.878	4.162	27.244	6.151	28.551	8.48	29.474	11.364	30.597	14.886	30.909	19.474	29.474	10.327	20.81	14.134	18.366	14.148	22.188	16.747	21.548	19.602	20.057
me_301	me	3.863	15.422	4.993	18.541	6.481	20.057	8.269	21.474	10.744	23.104	13.748	24.463	18.727	24.478	12.217	13.877	16.795	12.647	15.823	15.894	17.897	16.18	21.23	15.637
me_457	me	5.466	18.716	5.466	21.969	6.52	23.655	7.935	25.176	9.637	27.163	12.227	29.211	17.707	30.205	13.205	18.807	17.828	18.28	16.292	21.216	19.108	21.532	22.947	21.291
me_458	me	4.709	16.156	4.33	19.548	5.163	21.38	6.647	23.2727	8.797	25.438	11.916	27.527	17.004	28.118	13.309	16.747	17.322	16.277	15.505	19.366	17.791	19.714	21.955	19.305
me_459	me	4.059	16.024	4.12	20.144	5.271	22.113	7.058	23.794	9.512	25.475	12.98	27.308	19.175	27.308	13.192	15.328	17.266	14.161	15.903	17.781	19.266	17.539	23.037	16.66
me_460	me	6.477	16.837	6.201	20.291	7.014	22.209	8.38	24.205	10.268	26.445	13.123	28.425	17.543	29.807	15.103	17.973	18.986	17.697	17.267	20.674	19.723	21.273	23.314	21.242
me_461	me	4.873	19.736	6.452	22.894	8.335	24.109	10.354	24.898	12.753	25.839	16.29	26.34	21.512	24.625	11.599	16.791	16.093	12.967	16.047	17.474	18.385	16.821	21.922	14.908
me_462	me	3.862	21.056	4.628	24.687	5.961	26.358	7.969	27.829	10.482	29.239	13.96	30.817	20.243	30.051	12.489	18.91	16.596	17.025	15.953	20.581	19.002	19.952	23.032	18.496
me_463	me	3.129	23.725	2.764	27.158	3.904	29.178	5.347	30.682	7.822	32.748	11.118	34.525	16.024	34.889	11.346	24.333	15.538	23.862	13.852	26.961	16.708	27.386	20.095	27.021
me_502	me	6.853	11.467	5.673	15.263	6.429	17.215	7.518	19.076	9.243	21.284	12.268	23.72	16.837	25.096	13.796	13.312	18.168	13.373	15.914	16.519	18.304	17.275	22.116	17.517
me_503	me	5.155	14.029	4.566	17.809	5.609	19.638	7.257	21.482	8.995	23.644	11.49	25.534	16.191	26.955	12.88	14.982	17.703	14.619	16.373	16.627	18.807	18.217	22.979	18.051
me_504	me	1.768	14.707	1.572	18.637	2.796	20.587	4.414	21.948	6.59	23.383	9.795	24.955	14.647	25.273	9.402	14.314	14.42	13.105	13.045	16.385	15.403	16.536	19.091	15.962
ge_1	ge	6.637	13.2	5.221	17.034	5.855	19.114	6.725	21.223	8.289	23.804	10.206	26.256	14.866	28.568	14.454	15.958	19.099	16.563	16.622	19.321	18.804	20.456	22.757	21.385
ge_2	ge	7.117	15.763	6.218	19.09	6.758	21.128	7.732	23.016	9.14	26.027	10.968	28.305	15.104	30.643	15.344	18.67	19.644	19.404	16.947	21.847	18.88	23.061	22.701	24.02
ge_3	ge	5.345	25.897	6.411	29.657	8.188	31.227	10.142	32.382	12.867	33.922	16.48	34.899	21.825	34.129	14.125	23.394	18.005	21.573	17.294	25.23	19.974	24.83	24.194	23.246
ge_5	ge	4.713	18.098	4.506	22.174	5.988	24.397	7.426	25.954	9.56	28.014	12.48	29.837	18.053	30.445	12.925	18.35	18.261	17.312	16.245	21.033	18.113	21.403	22.811	20.647
ge_38	ge	5.922	12.916	5.0	16.175	5.565	18.199	6.607	20.163	8.229	22.693	10.491	25.074	14.776	26.725	14.375	14.881	18.363	15.119	15.997	17.812	18.184	18.66	22.187	19.136
ge_39	ge	4.273	19.777	4.837	23.204	6.157	24.733	7.923	26.379	10.267	28.071	13.294	29.287	18.412	29.495	12.122	19.169	17.225	17.834	16.528	20.86	19.08	21.068	22.24	20.519
ge_40	ge	3.31	8.379	2.202	12.014	2.364	14.157	3.133	16.477	4.374	19.226	6.621	22.374	11.482	24.827	11.29	11.734	15.739	12.591	12.975	15.029	15.517	16.33	19.33	17.32
ge_66	ge	4.904	25.726	6.803	28.685	8.732	29.819	10.912	30.615	13.754	31.336	17.2	31.763	22.162	29.937	12.34	21.602	16.183	18.451	16.36	22.088	19.04	21.087	22.383	18.864
ge_67	ge	7.329	10.397	4.975	13.108	4.781	15.223	5.035	17.547	5.601	20.317	6.763	23.386	10.397	27.05	13.555	15.119	17.934	17.16	14.598	18.962	16.817	20.973	19.409	22.492
ge_68	ge	4.354	15.373	4.13	18.862	5.427	20.815	7.261	22.351	9.587	24.23	12.793	25.929	18.519	25.914	12.57	15.179	16.566	14.046	15.089	17.46	18.101	17.654	21.561	16.908
ge_69	ge	6.853	25.524	8.815	28.602	10.822	29.479	13.156	30.207	15.951	30.98	19.92	31.114	24.484	29.226	14.806	20.782	18.567	17.705	18.448	21.838	21.407	20.426	24.618	18.106
ge_70	ge	7.162	8.138	5.255	10.6	5.18	12.417	5.63	14.429	6.321	16.711	7.717	19.729	11.036	22.552	13.048	11.906	16.981	13.498	14.459	15.36	15.915	16.666	19.504	18.558
ge_91	ge	5.427	15.209	5.785	18.921	7.47	20.86	9.14	22.068	11.69	23.842	15.179	25.229	20.427	25.348	14.001	14.105	18.832	12.346	17.878	15.746	20.472	15.686	24.438	14.508
ge_92	ge	5.501	14.053	4.268	17.585	4.704	19.749	5.786	21.793	7.049	24.408	9.198	27.249	14.098	29.579	13.497	17.224	18.111	17.946	15.841	20.531	18.006	21.643	21.773	22.59
ge_93	ge	6.255	22.606	6.761	26.284	8.25	27.997	10.275	29.367	12.628	31.035	15.517	31.554	21.295	32.047	14.162	21.161	18.794	19.359	18.243	22.591	21.176	22.338	24.214	21.251
ge_94	ge	2.547	23.898	3.48	26.563	4.916	28.236	6.87	29.702	9.476	31.39	12.526	32.723	17.857	31.501	10.616	21.973	15.665	19.722	14.792	23.365	17.501	23.246	21.07	22.032
ge_95	ge	6.267	15.0	5.718	19.009	6.43	21.088	7.574	23.078	9.49	25.573	12.638	28.276	17.762	29.91	14.762	16.871	20.272	16.826	17.658	20.004	19.841	20.806	24.757	21.118
ge_116	ge	11.731	6.534	8.821	8.821	7.885	10.87	7.38	13.097	7.024	15.993	7.113	19.735	9.964	24.695	17.092	13.84	20.537	17.077	16.424	17.627	18.013	20.21	20.537	23.18
ge_117	ge	3.702	21.115	5.227	23.455	6.9	24.58	9.121	25.291	12.083	25.883	15.4	25.957	19.797	23.751	10.365	17.088	13.667	14.215	13.86	17.754	16.11	16.747	18.968	14.704
ge_118	ge	6.081	6.977	3.242	9.89	2.51	12.116	2.271	14.596	2.092	17.584	2.54	21.11	5.483	25.084	12.669	14.686	15.792	17.316	12.281	18.212	13.67	20.677	16.569	23.59
ge_120	ge	3.847	21.397	2.117	25.154	2.773	27.346	3.728	29.761	5.248	32.326	7.589	35.159	13.017	37.306	11.585	23.857	16.461	24.319	13.747	27.182	16.178	28.27	20.547	28.956
ge_136	ge	5.203	21.381	4.814	24.296	5.861	26.509	7.117	28.214	8.896	30.576	11.707	32.878	16.432	34.149	13.098	22.517	17.867	22.203	16.073	25.178	19.258	25.881	22.472	26.001
ge_137	ge	4.078	24.873	3.69	28.204	4.661	29.713	5.692	31.326	7.634	33.313	10.084	35.27	14.401	36.48	10.606	25.978	15.686	25.694	14.192	28.413	16.253	28.861	19.599	28.996
ge_138	ge	6.152	17.13	5.169	20.63	5.809	22.954	7.016	24.846	9.027	27.587	10.978	30.0	15.417	32.13	14.434	19.335	19.32	19.811	16.981	22.567	19.841	23.759	23.118	24.399
ge_139	ge	2.322	21.432	3.609	24.508	4.925	26.032	6.7	27.259	9.348	28.813	12.779	29.804	17.69	29.33	10.428	19.539	14.88	17.616	14.007	20.944	16.462	20.648	19.908	19.568
ge_140	ge	2.745	21.691	4.451	24.821	5.949	26.068	8.19	27.121	10.89	28.085	14.599	28.367	19.406	27.254	11.394	18.071	15.578	15.4	14.955	19.272	17.551	18.709	20.904	17.062
ge_302	ge	4.327	19.48	5.33	23.193	7.037	24.526	9.059	25.619	11.993	26.727	15.332	27.565	20.543	26.338	12.667	16.89	16.785	14.524	16.635	17.833	18.686	17.518	22.1	15.931
ge_303	ge	3.067	17.514	3.778	20.981	5.008	22.833	6.164	24.137	8.787	26.315	12.254	27.901	17.336	27.975	12.328	16.773	16.195	15.78	14.788	19.203	17.573	19.322	21.218	18.699
ge_310	ge	8.263	8.577	5.772	11.261	5.34	13.365	5.474	15.915	5.728	19.033	6.623	22.314	10.381	26.252	14.379	14.274	18.078	16.213	14.886	17.839	16.706	19.763	19.972	21.971
ge_436	ge	4.307	18.738	3.873	22.267	5.055	24.106	6.61	25.841	8.554	27.65	10.976	29.699	15.971	30.731	11.889	18.887	16.853	18.289	15.463	21.459	18.035	22.013	21.4	21.893
ge_437	ge	5.388	23.841	5.897	27.059	7.259	28.705	9.174	30.262	11.434	31.923	14.607	33.405	19.516	33.435	13.769	22.539	17.855	21.102	16.777	24.694	19.366	24.56	22.988	23.692
ge_438	ge	5.514	8.901	3.297	11.943	3.252	14.071	3.596	16.259	4.226	19.091	5.784	22.432	10.07	25.564	11.913	13.292	15.944	14.805	13.202	16.753	15.494	18.461	19.315	20.11
ge_481	ge	2.314	8.219	1.424	11.825	2.018	13.828	3.027	15.727	4.57	18.427	6.958	21.187	11.914	22.967	11.113	10.712	15.118	11.142	12.359	13.798	15.385	15.059	19.139	15.786
ge_482	ge	5.329	20.073	6.242	23.097	7.664	24.668	9.191	25.985	11.391	27.542	14.684	29.009	20.387	28.844	13.487	17.887	18.337	15.867	17.289	19.744	20.073	19.519	23.935	18.396
ge_483	ge	1.853	12.558	1.838	15.94	3.073	17.704	4.735	19.513	6.823	21.395	9.617	23.365	14.69	23.836	10.411	12.058	15.293	10.837	13.837	14.19	16.631	14.425	20.086	13.881
ge_484	ge	2.776	11.076	1.942	14.838	2.852	16.78	4.112	18.556	5.872	20.619	8.314	22.819	13.427	24.139	10.044	12.471	14.99	12.123	13.078	15.233	15.111	15.809	19.026	15.84
ge_485	ge	5.872	7.86	3.706	10.818	3.422	13.209	3.661	15.615	4.019	18.678	5.036	22.234	8.442	26.119	12.103	13.089	17.886	16.153	14.374	17.647	16.168	19.679	19.873	22.144
ge_486	ge	6.4	7.774	2.341	10.734	2.194	12.972	2.562	15.269	3.563	18.184	5.05	21.291	9.041	24.265	11.75	12.677	14.753	13.811	11.956	15.725	14.474	17.389	17.551	18.935
ge_513	ge	8.261	7.828	6.184	10.8	6.229	13.355	6.528	15.461	7.021	18.269	8.649	21.899	12.996	25.201	15.028	12.667	19.823	14.624	16.895	16.522	18.956	18.239	22.123	19.868
ge_514	ge	3.979	15.675	4.054	19.144	4.94	21.006	6.516	22.537	8.573	24.489	11.937	26.771	17.342	27.402	12.147	16.036	17.0	15.21	15.075	18.318	17.552	18.603	21.832	18.003
la_11	la	6.563	16.89	3.701	20.078	3.266	22.255	2.437	24.728	3.733	27.823	4.821	31.26	8.274	34.852	12.753	23.126	15.832	25.023	12.597	26.796	14.401	28.818	17.185	30.824
la_12	la	2.631	19.022	4.078	22.664	5.822	24.439	7.658	25.668	10.258	26.758	13.558	27.957	18.617	27.163	11.425	16.889	15.13	15.395	14.694	18.928	17.216	18.57	20.329	17.309
la_13	la	3.708	24.868	5.376	28.125	7.573	29.48	9.505	30.244	12.387	31.132	16.189	31.506	20.677	30.228	11.811	20.801	15.301	18.495	15.363	22.406	17.794	21.674	21.534	19.493
la_14	la	5.026	14.126	4.328	18.073	5.126	20.229	6.421	22.068	7.959	24.304	10.796	26.729	15.457	28.045	13.698	15.981	17.677	16.139	15.331	19.262	17.296	19.912	21.466	20.261
la_15	la	10.272	10.13	6.333	11.186	5.656	12.761	5.388	14.636	5.199	17.378	5.467	19.694	7.105	22.908	13.092	15.771	14.951	17.63	12.037	18.26	12.856	19.883	14.747	22.199
la_46	la	5.182	31.935	7.429	35.542	9.524	36.368	12.0	36.796	14.691	37.102	18.421	36.903	22.915	34.289	12.214	27.41	15.088	24.429	16.036	28.159	18.085	26.982	20.897	24.245
la_48	la	3.375	17.936	4.589	21.718	5.922	23.485	7.89	25.314	10.231	27.113	13.487	28.895	18.897	29.004	13.533	17.098	17.843	15.936	16.261	19.904	19.207	19.904	22.664	19.269
la_50	la	4.463	12.04	2.929	15.666	3.347	17.82	4.122	19.973	5.206	22.701	7.267	25.784	11.637	28.109	12.784	15.914	16.317	16.812	13.434	19.23	15.542	20.593	19.633	21.802
la_78	la	8.797	16.489	6.556	19.237	6.817	21.725	7.431	23.659	8.414	25.977	10.102	29.033	14.309	31.735	15.568	19.928	19.713	21.08	16.75	23.199	19.207	24.765	22.492	25.916
la_80	la	5.625	9.997	3.949	13.93	4.528	16.312	5.61	18.255	7.161	20.84	9.449	23.442	14.4	25.698	13.288	13.006	17.315	13.538	15.011	16.5	17.017	17.503	20.809	18.224
la_101	la	3.972	12.595	2.278	15.839	2.532	18.101	3.275	20.348	4.32	22.627	6.503	25.759	10.316	28.196	12.373	16.266	15.57	17.136	12.579	19.699	14.921	21.139	17.462	22.041
la_102	la	4.342	11.583	3.166	15.799	3.824	18.041	4.639	20.125	6.034	22.774	8.589	25.611	13.573	27.335	13.26	14.89	16.192	15.407	14.702	18.37	16.332	19.451	20.454	20.392
la_105	la	3.647	11.226	3.0	15.521	4.074	17.479	5.179	19.263	6.647	21.552	9.363	24.079	14.81	25.5	11.668	12.821	15.979	12.884	13.8	16.216	16.121	16.863	20.447	17.194
la_126	la	4.556	15.397	3.488	18.838	3.975	20.943	4.855	23.08	6.536	25.72	8.814	28.642	12.899	30.983	13.339	18.414	17.691	19.074	14.91	21.666	17.785	23.033	21.1	23.85
or_465	or	7.039	17.736	6.55	21.393	7.56	23.245	9.029	24.959	11.186	26.856	14.079	28.478	18.636	29.228	14.813	17.981	18.088	17.307	17.001	20.643	19.174	20.827	23.061	20.515
or_466	or	4.26	16.889	4.336	20.194	5.367	21.967	6.534	23.726	8.626	25.697	11.492	27.44	15.873	28.501	11.658	16.873	15.418	16.373	14.372	19.678	17.252	19.951	20.239	19.754
or_467	or	5.954	16.281	6.015	19.857	7.09	21.637	8.563	23.279	10.68	24.998	13.611	26.716	18.583	27.269	13.872	15.499	17.693	14.333	16.68	18.031	19.151	18.123	22.665	17.31
or_468	or	4.35	15.588	2.167	17.988	1.656	19.892	1.502	21.981	1.533	24.582	2.322	27.585	5.387	31.084	9.211	20.108	13.22	22.539	10.201	24.071	12.074	26.084	15.077	28.328
or_469	or	7.391	14.027	5.913	17.492	6.267	19.555	6.975	21.68	8.207	24.359	10.393	27.254	15.09	29.671	14.212	16.414	18.631	17.014	16.26	19.971	18.492	21.095	22.85	21.664
or_470	or	7.13	17.834	5.975	22.053	6.899	23.994	8.285	26.227	10.026	28.291	12.351	30.662	17.033	32.218	14.569	19.512	19.189	19.435	18.034	22.669	20.298	23.547	24.102	23.948
or_471	or	5.196	16.032	3.301	19.593	3.423	21.61	3.882	23.597	4.768	27.455	6.709	29.374	10.637	32.384	13.006	20.479	16.643	21.809	12.846	23.979	15.589	25.37	19.318	27.066
or_540	or	3.411	20.68	4.051	24.639	5.482	26.284	7.02	27.609	9.853	28.949	13.37	29.726	18.122	28.888	10.69	18.853	14.223	16.888	13.797	20.893	16.873	20.086	19.766	18.837
or_541	or	7.269	13.048	6.547	16.644	7.269	18.334	8.453	20.532	10.527	22.699	13.34	25.019	18.058	26.111	15.015	14.169	19.272	13.77	17.366	17.12	20.286	17.581	24.405	17.289
or_542	or	4.786	16.887	3.947	20.56	4.664	22.633	5.883	24.705	7.636	27.174	10.028	29.643	14.905	31.442	12.817	18.502	16.963	18.548	15.286	21.718	17.847	22.495	21.764	22.831
or_543	or	4.154	21.703	5.636	25.003	7.331	26.347	9.256	27.553	11.913	28.592	15.319	29.019	19.825	27.828	10.646	18.878	14.678	16.159	15.014	19.733	17.671	18.908	20.237	17.473
or_544	or	4.665	23.796	6.89	26.692	8.384	27.424	10.396	28.064	12.988	28.491	16.585	28.323	20.884	26.93	10.823	19.497	13.674	16.433	14.314	20.061	16.753	18.552	19.482	16.341
or_545	or	5.646	17.2	4.705	20.563	5.384	22.784	6.726	24.728	8.608	26.934	11.153	29.032	15.658	30.528	13.081	18.403	16.305	18.265	15.179	21.319	17.293	21.982	20.841	22.013
or_546	or	9.501	16.37	7.619	19.721	7.68	22.215	8.415	24.494	9.669	27.355	11.628	30.522	15.881	33.368	16.783	19.996	20.639	21.067	17.839	23.714	20.348	25.259	23.622	26.3